00 5
01 9
03 7
05 1
11 2
12 6
13 4
16 1
20 4
23 8
28 2
31 5
32 2
33 9
37 4
43 2
45 3
51 3
55 5
56 2
57 8
60 3
65 4
68 9
72 8
75 2
76 7
77 5
83 5
85 8
87 1
88 4

01 7
02 8
06 2
11 4
14 8
15 2
20 1
23 7
24 5
27 9
36 4
37 2
43 9
45 6
51 3
52 2
61 6
64 4
65 7
68 1
73 1
74 9
77 4
82 4
86 8
87 5

00 4
02 8
05 6
07 5
11 2
20 7
25 1
28 8
31 4
34 9
36 2
41 3
42 7
46 9
47 8
52 1
54 5
57 4
60 1
63 8
68 7
77 2
81 9
83 1
86 8
88 3

01 3
05 8
07 5
12 9
20 8
21 6
25 5
26 2
32 1
34 4
38 5
40 2
42 8
46 6
48 3
50 9
54 2
56 1
62 4
63 7
67 1
68 8
76 9
81 8
83 5
87 3

00 8
03 7
04 2
06 3
11 5
12 1
17 2
22 2
24 6
25 8
36 9
37 4
43 3
45 6
51 2
52 4
63 4
64 5
66 2
71 4
76 7
77 5
82 6
84 1
85 7
88 8

00 5
02 9
03 8
04 3
10 8
11 7
15 1
16 6
21 1
22 4
24 6
28 5
33 5
35 2
36 4
40 4
48 6
52 8
53 6
55 3
60 3
64 7
66 5
67 6
72 6
73 3
77 4
78 9
84 8
85 6
86 7
88 3

02 7
04 4
05 1
07 6
13 8
14 9
16 5
20 8
26 1
28 9
30 5
32 8
43 3
45 7
56 2
58 8
60 9
62 4
68 5
72 5
74 7
75 6
81 6
83 1
84 5
86 3

00 9
03 8
06 2
07 6
16 5
18 1
22 3
24 2
27 4
28 8
30 3
33 9
35 4
37 8
41 8
42 1
46 9
47 3
51 9
53 3
55 7
58 5
60 6
61 3
64 9
66 4
70 2
72 9
81 1
82 4
85 2
88 9

04 9
05 5
06 7
12 2
14 7
26 1
27 2
28 4
30 7
37 8
42 9
43 8
45 4
46 2
51 3
58 5
60 8
61 5
62 1
74 2
76 6
82 7
83 1
84 3

06 8
07 1
08 7
14 9
15 3
16 4
22 1
24 4
30 4
37 5
42 9
43 5
45 7
46 1
51 2
58 3
64 1
66 6
72 4
73 8
74 2
80 5
81 3
82 8