17 00 10
10 01 11 12
10 02 03
14 04 14 15
9 05 06
16 07 17
9 08 18
4 13 23
6 20 30
11 21 31
18 22 32 42 52
12 24 34
15 25 35
19 16 26 27 28
25 33 43 44 45 55
26 36 46 56 66
14 37 38 47 48
24 40 41 50 51
13 53 63
7 54 64
11 57 67
4 58 68
26 60 61 62 72
4 65 75
9 70 80
5 71 81
16 73 74 84
12 76 77 87
17 78 88
9 82 83
13 85 86

14 00 01
8 02 12
23 03 04 05 15
24 06 16 17 27
5 07 08
15 10 11 21
15 13 14 24
7 18 28
9 20 30
11 21 22
12 25 35
12 26 36 46
14 31 32 33 34
21 37 38 47 48
20 40 41 50 51
17 42 52 62
17 43 44 45
16 53 63
15 54 55 56 57
12 58 68
16 60 70
19 61 71 72 82
14 64 74 75
7 65 66
10 67 77 78
21 73 83 84 85
9 76 86
5 80 81
17 87 88

12 00 01
14 02 03 13
14 04 14
13 05 06 15
7 07 08
6 10 20
4 11 12
15 16 17
14 18 28
14 21 22
17 23 33
5 24 34
8 25 35
3 26 27
15 30 40 41 51
9 31 32
16 36 37
21 38 47 48 57
25 42 43 44 45 46
11 50 60
15 52 53
15 54 63 64 65
12 55 56
8 58 68
13 61 71
7 62 72
10 66 76
10 67 77
17 70 80
24 73 74 75 84
5 78 88
9 81 82 83
17 85 86 87

20 00 10 20 21
22 01 11 12
6 02 03
8 04 14
6 05 06
19 07 16 17
17 08 18 27 28
15 13 23
11 15 25
15 22 31 32
23 24 33 34 35
8 26 36 37
12 30 40
10 38 48
8 41 42
7 43 53
19 44 54 64
8 45 55
12 46 47
18 50 60 70
4 51 52
15 56 57
15 58 68 78
14 61 71
9 62 63
12 65 66
7 67 77
5 72 73
9 74 84
12 75 76
17 80 81 82 83
22 85 86 87 88

8 00 01
14 02 12 22
9 03 04
3 05 15
13 06 16
15 07 08
10 10 20
13 11 21
24 13 23 33
17 14 24 34
11 17 18
16 25 26 35 36
7 27 37
22 28 38 48 58 68
12 30 31
12 32 42 52
6 40 41
25 43 44 45 46 47
15 50 51
9 53 63 73
20 54 64 74
18 55 56 65 66
6 57 67
11 60 70
4 61 71
19 62 72 82
17 75 85
11 76 86
16 77 78
11 80 81
7 83 84
4 87 88

16 00 10
4 01 11
19 02 12 22 32
8 03 13
23 04 05 06 16
19 07 08 17 18
12 14 24 34
12 15 25
14 20 21
11 23 33
8 26 27
12 28 38
8 30 40
17 31 41 51
4 35 36
18 37 47 57
28 42 43 44 45 46
10 48 58
6 50 60
16 52 53
17 54 64 74
7 55 65
18 56 66 76 86
9 61 62
12 63 73
10 67 68
23 70 71 80 81
17 72 82 83 84
7 75 85
7 77 87
13 78 88

17 00 10
10 01 11 12
10 02 03
14 04 14 15
9 05 06
16 07 17
9 08 18
4 13 23
6 20 30
11 21 31
18 22 32 42 52
12 24 34
15 25 35
19 16 26 27 28
25 33 43 44 45 55
26 36 46 56 66
14 37 38 47 48
24 40 41 50 51
13 53 63
7 54 64
11 57 67
4 58 68
26 60 61 62 72
4 65 75
9 70 80
5 71 81
16 73 74 84
12 76 77 87
17 78 88
9 82 83
13 85 86

14 00 01
8 02 12
23 03 04 05 15
24 06 16 17 27
5 07 08
15 10 11 21
15 13 14 24
7 18 28
9 20 30
11 21 22
12 25 35
12 26 36 46
14 31 32 33 34
21 37 38 47 48
20 40 41 50 51
17 42 52 62
17 43 44 45
16 53 63
15 54 55 56 57
12 58 68
16 60 70
19 61 71 72 82
14 64 74 75
7 65 66
10 67 77 78
21 73 83 84 85
9 76 86
5 80 81
17 87 88

12 00 01
14 02 03 13
14 04 14
13 05 06 15
7 07 08
6 10 20
4 11 12
15 16 17
14 18 28
14 21 22
17 23 33
5 24 34
8 25 35
3 26 27
15 30 40 41 51
9 31 32
16 36 37
21 38 47 48 57
25 42 43 44 45 46
11 50 60
15 52 53
15 54 63 64 65
12 55 56
8 58 68
13 61 71
7 62 72
10 66 76
10 67 77
17 70 80
24 73 74 75 84
5 78 88
9 81 82 83
17 85 86 87

20 00 10 20 21
22 01 11 12
6 02 03
8 04 14
6 05 06
19 07 16 17
17 08 18 27 28
15 13 23
11 15 25
15 22 31 32
23 24 33 34 35
8 26 36 37
12 30 40
10 38 48
8 41 42
7 43 53
19 44 54 64
8 45 55
12 46 47
18 50 60 70
4 51 52
15 56 57
15 58 68 78
14 61 71
9 62 63
12 65 66
7 67 77
5 72 73
9 74 84
12 75 76
17 80 81 82 83
22 85 86 87 88